11111111111111111111111111111111111111111111111111111111111111111
11111111111111111111113231111111111111111111111111111111111111111
11111111111111111111322322311111111111111111111111111111111111111
11111111111111111131222113211111111111111111111111111111111111111
11111111113111111111221112221111111111111111111111111111111111111
11111111132221111211221111221111111111111111111111111111111111111
11111111223222211311221111232111111111111111111111111111111111111
11111111223112211111221111122111111111111111111111111111111111111
11111111321112221111322113122111111111111111111111111111111111111
11111111211311232111122111132311111111111111111111111111111111111
11111111231111122311122111212211111111111111111111111111111111111
11111111321111112211112211112211111111111111111111111111111111111
11111111221131111221111221111221231111111111111111111111111111111
11111111122111111223111223111232222222222221111111111111111111111
11111111123211113122112233111111111133222233322211111111111111111
11111111113321111122233221112112111111111111222332211311111111111
11111111111222112112211111111311111111111111111122332112111111111
11111111112123221111131111111311111111111111111111122211111111111
11111111111312322111111111111111111111111111111113113222111111111
11111111112111232311111111111111111111111111111111111123111111111
11111111121212311111111111111111111111111111111222222222221111111
11111111112132121111111111111111111111111111122222222222322111111
11111111131321321111111111111111111111111113222221111323232211111
11111111112211111111111111111111111111111122211311111323233211111
11111111112211211111111111111111111111111222111111111322233221111
11111111132331121111111111111111111111113221132131122222222321111
11111111222111111111322223222222111111112211111222222222222322111
11111111321111111122222231122222211131122211322222111111332222111
11111113331111112222131111122332322111323113222231111111111322111
11111112211111122211111211122322332111221322231111111111111132211
11111112211111221111111111322333232212222222111111111111111112211
11111113131112221111113222222222111111132211111111111111111112211
11111132111132211111322211111111111111112111111111111111111112311
11111122111122113112221111111111111111111111111111111111111111311
11111122111321111222311111111111111111111111111111111111111111211
11111122111221112221111111111111111111111111111111111111111111311
11111122111221222211111111111111111111111111111111111111111121321
11111122112221221111111111111111111111111111111111111111111322221
11111122111222231111111111111111111111111111111111111111111222211
11111122111222131111111111111111111111111111111111111111111212311
11111122211133111111111111111111111111111111111111111111111212211
11111112211111111111111111111111111111111111111111111111112212211
11111112311111111111111111111111111111111111111111111111112312111
11111111321121111111111111111111111111111111111111121111122122111
11111111221311311111111111111111111111111111111111212111221122111
11111111222112211111111111111111111111111111111111121131221221111
11111111123112211111111111111111111111111111111111111212212321111
11111111112211221111111111111111111111111111111111111132112211111
11111111112223122111111111111111111111111111111111112211122111111
11111111111122122211111111111111111111111111111111122331222111111
11111111111122313223111111111111111111111111111122222132231111111
11111111111113231112221111111111111111111111111222211223111111111
11111111111111223223222211111111111111111111222211132221111111111
11111111111111111222132222322211113332223222231112222211111111111
11111111111111111122221231132222222222222311113222223111111111111
11111111111111111211222222231111111111113332222223111111111111111
11111111111111111111112312222111111122222223223111111111111111111
11111111111111111111113211111111111132222311111311111111111111111
11111111111111111111113111111111111111112211111111111111111111111
11111111111111111111122311111111111111112211111111111111111111111
11111111111111111111132111111111111111112211111111111111111111111
11111111111111111111112111111111111111111111111111111111111111111
11111111111111111111111111111111111111111111111111111111111111111
11111111111111111111111111111111111111111111111111111111111111111
11111111111111111111111111111111111111111111111111111111111111111
11111111111111111111111111111111111111111111111111111111111111111
11111111111111111111111111111111111111111111111111111111111111111

















