22222222222222222222222222222222222222222222313311123332222222222222222222222222
22222222222222222222222222222222222222222311131333322211111222222222222222222222
22222222222222222222222222222222211111333322222222222222311122211112222222222222
22222222222222222222222222222222111111112222222222222222222211111111122222222222
22222222222222222222222222222221111111112222222222222222222211111111122222222222
22222222222222222222222222222222221121113222222222222222222211111212222222222222
22222222222222222222222222222222223222111222222222222222222211222212222222222222
22222222222222222222222222222221222222313222222222222222222211222211222222222222
22222222222222222222222222222232222222212222222222222222222212222222132222222222
22222222222222222222222222222232222222222222222222222222222222222222313222222222
22222222222222222222222222222332222222222222222222222222222222222222211222222222
22222222222222222222222222223322222222222222222222222222222222222222222132222222
22222222222222222222222222212222222222222222222222222222222122222222222222222222
22222222222222222222222221111122222222222222222222222222111112222222222222222222
22222222222222222222222221111122222222222222222222222222111112222222222222222222
22222222222222222222222221111122222222222222222222222222111112222222222222222222
22222222222222222222222222111222222222222222222222222222211122222222222222222222
22222222222222222222222222222222222222222222222222222222222222222222222222222222
22222222222222222222222222222222222222222222222222222222222222222222222222223222
22222222222222222222222222222222222222222222222222222222222222222232222222231222
22222222222222222222222323222222222222222222222222222222222222222222322233111222
22222222222222222222223122222222222222222222222222222222222222222222222222231322
22222222222222222222223122222222222222222222222222222222222222222222222222211322
22222222222222222222223122222222222222222222222222222222222222222222222222231322
22222222222222222222223322222222222222222222222222222222222222222222222222231322
22222222222222222222223322222222222222222222222222222222222222222222222222211122
22222222222222222222222222222222222222222222222222222222222222222222222222231122
22222222222222222222222222222222222222222222222222222222222222222222222222231122
22222222222222222222222222222222222222222222222222222222222222222222222222231122
22222222222222222222222222222222222222222222222222222222222222222222221221231122
22222222222222222222223322222222222222222222222222222222222222222222223223221122
22222222222222222222221122222222222222222222222222222222222222222222222132321122
22222222222222222222221122221222222222222222222222222222222222222222222112131122
22222222222222222222221122221222222222222222222222222222222222222222222112131122
22222222222222222222223122221122222222222222222222222222222222222222231132311322
22222222222222222222222132223112222222222222222222222222222222222222211122311222
22222222222222222222222112222112222222222222222222222222222222222222211223211222
22222222222222222222222333222211222222222222222222222222222222222222111223311222
22222222222222222222222213222211122222222222222222222222222222222221112223313222
22222222222222222222222211222221112222222222222222222222222222222221132223112222
22222222222222222222222211122223111222222222222222222222222222222111122221112222
22222222222222222222222231122222211122222222222222222222222222221111222231122222
22222222222222222222222221122332221113222222222222222222222222111122222311122222
22222222222222222222222222113132222111112222222222222222222231111222222111222222
22222222222222222222222222111223122211111122222222222222222111122222232111222222
22222222222222222222222222211322222222111111111222222111111111222222231112222222
22222222222222222222222222211113222322223111111111111111111122222222311132222222
22222222222222222222222222221111222222222221111111111111122222222221111122222222
22222222222222222222222222222111332221112222222222222222222222222221111222222222
22222222222222222222222222222211113132222222222222222222222222222311112222222222
22222222222221222222222222222221111113222233222222222222222222231111122222222222
22222222222221322222222222222222311111133222222222222222222322111113222222222222
22222222222222211222222222222222221111113111111322222222311111111122222222222222
22222222222222212222222222222222222111111132233113333333111111112222222222222222
22222222222221222122222222222222222223111111111133311111111111122222222222222222
22222222222221222333222222222222222222211111111111111111111132222222222222222222
22222222222222222233122222222222222222222311111111111111132222222222222222222222
22222222222222112222112222222222222222222222222311111112222222222222222222222222
22222222222232111222211222222222222222222222222222222222222222222222222222222222
22222222222113221122221322222222222222222222222222222222222222222222222222222222
22222222221222221222221122222222222222222222222222222222222222222222222222222222
22222222112222222211222222222222222222222222222222222222222222222222222222222222
22222223222222222312222212222222222222222222222222222222222222222222222222222222
22222211222221212221322223122222222222222222222222222222222222222222222222222222
22222122222232111221122222122222222222222222222222222222222222222222222222222222
22222322222222111223112222222222222222222222222222222222222222222222222222222222
22222222222221212321113222222222222222222222222222222222222222222222222222222222
22222222222121312321331122122222222222211111222222211113222222222222222222222222
22222222222222111112211113222222222221111111112221111111122222222222222222222222
22222111111111222222221111322222222221122222112221122221112222222222222222222222
22222222211222222222222231122222222211222222112211222222111222222222222222222222
22222222222222222222222222222222222211222222222211232222222222222222222222222222
22222222222222222222222222222222222212222122222212222232122222222222222222222222
22222222222222222222222222222222222212222111111212222311111222222222222222222222
22222222222222222222222222222222222211222222212211222222212222222222222222222222
22222222222222222222222222222222222211222222211211222222212222222222222222222222
22222222222222222222222222222222222211122222212211122222212222222222222222222222
22222222222222222222222222222222222221111221112221112221112222222222222222222222
22222222222222222222222222222222222222121111222322111111222222222222222222222222
11111111111111111111111111111111111111111111111111111111111111111111111111111110